Viking_sol = [4.470588235294118, 147.2676056338028
4.495798319327731, 118.42253521126759
4.529411764705882, 85.07042253521125
4.5210084033613445, 67.49295774647887
4.495798319327731, 60.73239436619717
4.46218487394958, 55.323943661971825
4.369747899159664, 49.46478873239434
4.260504201680673, 44.95774647887322
4.08403361344538, 41.35211267605632
3.899159663865546, 38.64788732394365
3.563025210084034, 35.49295774647885
3.2521008403361344, 32.78873239436618
2.92436974789916, 30.98591549295773
2.65546218487395, 30.084507042253506
2.3781512605042017, 29.18309859154928
2.042016806722689, 28.281690140845058
1.6722689075630255, 27.380281690140833
1.504201680672269, 27.380281690140833
1.26890756302521, 26.929577464788707
0.9999999999999998, 26.47887323943661
0.8403361344537814, 26.028169014084483
0.6974789915966384, 25.126760563380287
0.5714285714285714, 22.873239436619713
0.4957983193277309, 20.169014084507012
0.42857142857142827, 17.464788732394368
0.36134453781512577, 13.859154929577443
0.30252100840336105, 9.352112676056322
0.2689075630252098, 6.197183098591552

];

Viking_qdot = [24.532710280373827, 0.3088803088803047
33.25545171339564, 0.5405405405405759
44.158878504672906, 0.5405405405405759
51.24610591900312, 0.7722007722007902
63.78504672897197, 0.7722007722007902
79.04984423676012, 0.7722007722007902
88.3177570093458, 0.7722007722007902
98.67601246105917, 0.7722007722007902
107.39875389408098, 0.7722007722007902
116.12149532710279, 1.2355212355212473
122.66355140186914, 1.6988416988417328
129.75077881619936, 2.625482625482647
136.2928348909657, 3.5521235521235894
142.28971962616822, 4.942084942084961
149.37694704049844, 7.258687258687274
153.73831775700933, 9.111969111969131
158.09968847352025, 10.965250965250988
161.91588785046727, 13.745173745173759
166.82242990654203, 16.061776061776087
169.0031152647975, 18.3783783783784
173.90965732087224, 20.231660231660257
179.3613707165109, 20.694980694980714
183.72274143302178, 20.000000000000014
186.4485981308411, 18.841698841698857
189.17445482866043, 16.525096525096558
194.62616822429905, 14.671814671814687
196.80685358255448, 12.355212355212387
200.07788161993767, 10.50193050193053
203.34890965732086, 7.953667953667974
207.71028037383178, 6.33204633204636
212.0716510903427, 4.942084942084961
216.43302180685356, 3.5521235521235894
220.79439252336448, 2.625482625482647
227.3364485981308, 1.6988416988417328
234.42367601246104, 1.46718146718149
240.96573208722742, 1.46718146718149
246.96261682242988, 1.46718146718149
254.04984423676012, 1.2355212355212473
264.4080996884735, 0.7722007722007902
273.13084112149534, 0.7722007722007902
280.2180685358255, 1.2355212355212473
291.6666666666667, 0.7722007722007902
299.8442367601246, 0.7722007722007902
315.1090342679127, 0.7722007722007902
308.0218068535825, 0.5405405405405759
326.01246105919, 0.5405405405405759
336.3707165109034, 0.7722007722007902
343.4579439252336, 1.2355212355212473
349.45482866043614, 0.7722007722007902
356.5420560747664, 1.2355212355212473
362.53894080996884, 0.7722007722007902
371.2616822429907, 0.7722007722007902
];